0,564
0,563
0,562
0,561
0,560
0,559
0,558
0,557
0,556
0,555
0,554
0,553
0,552
0,551
0,550
0,549
0,548
0,547
0,546
0,545
0,544
0,543
0,542
0,541
0,540
0,539
0,538
0,537
0,536
0,535
0,534
0,533
0,532
0,531
0,530
0,529
0,528
0,527
0,526
0,525
0,524
0,523
0,522
0,521
0,520
0,519
0,518
0,517
0,516
0,515
0,514
0,513
0,512
22,9
22,8
22,7
22,6
21,7
21,6
20,12
20,11
20,10
20,9
20,8
19,6
19,5
18,5
17,9
17,8
17,7
17,6
16,13
2,6
16,12
16,11
16,10
16,9
15,14
15,13
15,12
15,11
15,10
11,5
12,5
6,10
6,9
6,8
6,7
23,7
23,6
23,5
23,4
23,3
23,2
23,1
23,0
22,5
22,4
22,3
22,2
22,1
22,0
21,5
21,4
21,3
21,2
21,1
21,0
2,5
2,1
2,4
2,2
2,0
20,5
20,4
20,3
20,2
20,1
20,0
19,4
19,3
19,2
19,1
19,0
18,4
18,3
18,2
18,1
18,0
17,4
17,3
17,2
17,1
17,0
16,8
16,7
16,3
16,2
16,1
16,0
15,9
15,7
15,6
15,5
15,4
15,3
15,2
15,1
15,0
14,4
14,3
14,2
14,1
14,0
13,3
13,2
13,1
13,0
12,4
12,3
12,2
12,1
12,0
0,319
11,4
11,3
11,2
11,1
11,0
0,318
0,317
10,4
10,3
10,2
10,1
10,0
0,316
0,315
9,4
9,3
9,2
9,1
9,0
0,314
0,313
8,4
8,3
8,2
8,1
8,0
0,312
0,311
7,4
7,3
7,2
7,1
7,0
0,310
0,309
6,5
6,4
6,3
6,2
6,1
6,0
0,308
0,307
5,4
5,3
5,2
5,1
5,0
0,9
0,1
0,301
0,243
2,3
1,3
4,3
0,300
0,299
0,298
0,297
0,296
0,295
0,294
0,293
0,292
0,291
0,290
0,289
0,288
0,287
0,286
0,285
0,284
0,283
0,282
0,281
0,280
0,279
0,278
0,277
0,276
0,275
0,274
0,273
0,272
0,271
0,270
0,269
0,268
0,267
0,266
0,265
0,264
0,263
0,262
0,261
0,260
0,259
0,258
0,257
0,256
0,255
0,254
0,253
0,252
0,251
0,250
0,249
0,248
0,247
0,246
0,245
0,244
0,242
0,241
0,240
0,239
0,238
0,237
0,236
0,235
0,234
0,233
0,232
0,231
0,230
0,229
0,228
0,227
0,226
0,225
0,224
0,223
0,222
0,221
0,220
0,219
0,218
0,217
0,216
0,215
0,214
0,213
0,212
0,211
0,210
0,209
0,208
0,207
0,206
0,205
0,204
0,203
0,202
0,201
0,200
0,199
0,198
0,197
0,196
0,195
0,194
0,193
0,192
0,63
0,62
0,61
0,60
0,59
0,58
0,57
0,56
0,55
0,54
0,53
0,52
0,51
0,50
0,49
0,48
0,47
0,46
0,45
0,6
0,0
0,5
0,304
0,303
0,306
0,305
0,302
0,12
0,10
0,8
0,11
0,4
0,2
0,3
0,7
